A1A042FF
0xA1A042FF (32 bits)
Raw (100): -35024 4300 -4300 550 -1600 550 -500 550 -1600 550 -550 550 -550 550 -550 500 -550 550 -1600 550 -1600 550 -500 550 -1600 550 -550 550 -550 550 -550 500 -550 550 -550 500 -550 550 -1600 550 -500 600 -500 550 -550 550 -500 550 -1600 550 -550 550 -1600 550 -1600 550 -1600 550 -1600 550 -1600 550 -1600 550 -1600 550 -1600 550 -1600 550 -1600 550 -1600 550 -1600 550 -1600 550 -1600 550 -1600 550 -1600 550 -500 550 -1600 550 -1600 550 -550 550 -1600 550 -1600 600 -450 600 -550 550
A1A042FF
0xA1A042FF (32 bits)
Raw (100): -22452 4400 -4300 550 -1600 550 -550 500 -1650 500 -550 550 -550 550 -550 500 -550 550 -1600 550 -1600 550 -550 500 -1650 550 -500 550 -550 550 -550 500 -550 550 -550 500 -550 550 -1600 550 -550 550 -550 500 -550 550 -550 500 -1650 500 -550 550 -1600 550 -1600 550 -1600 550 -1600 550 -1600 550 -1600 550 -1600 550 -1600 550 -1600 550 -1600 550 -1600 550 -1600 550 -1600 550 -1600 550 -1600 550 -1600 550 -550 500 -1650 500 -1600 550 -550 550 -1600 550 -1600 550 -550 500 -550 550
A1A042FF
0xA1A042FF (32 bits)
Raw (100): -62874 4350 -4300 550 -1600 550 -550 550 -1600 550 -500 600 -500 550 -550 550 -500 550 -1600 550 -1600 550 -500 600 -1600 550 -550 550 -500 550 -550 550 -500 550 -550 550 -500 550 -1600 600 -500 550 -550 550 -500 550 -550 550 -1550 600 -500 550 -1600 550 -1600 550 -1600 550 -1600 550 -1600 550 -1600 550 -1600 550 -1600 550 -1600 550 -1600 550 -1600 550 -1600 550 -1600 550 -1600 550 -1600 550 -1600 550 -550 550 -1600 550 -1600 550 -500 550 -1600 600 -1550 600 -500 550 -550 500
A1A042FF
0xA1A042FF (32 bits)
Raw (100): -50724 4400 -4250 550 -1650 550 -500 550 -1600 550 -550 550 -550 500 -550 550 -550 550 -1600 500 -1650 550 -500 550 -1600 550 -550 550 -550 550 -500 550 -500 600 -500 550 -550 550 -1550 600 -550 500 -550 550 -550 500 -550 550 -1600 550 -550 500 -1650 550 -1600 550 -1600 550 -1600 550 -1600 500 -1650 500 -1650 500 -1600 600 -1600 550 -1550 600 -1600 550 -1600 500 -1650 550 -1600 500 -1650 500 -1650 500 -550 550 -1600 550 -1600 550 -550 550 -1600 550 -1600 550 -550 550 -500 550
A1A042FF
0xA1A042FF (32 bits)
Raw (100): -57110 4300 -4350 550 -1550 600 -500 600 -1550 600 -500 550 -550 500 -550 550 -550 550 -1600 550 -1600 550 -500 600 -1600 500 -550 550 -550 500 -550 550 -550 500 -550 550 -550 550 -1600 550 -550 550 -500 550 -550 500 -550 550 -1600 550 -550 550 -1600 550 -1600 550 -1600 550 -1600 500 -1650 550 -1600 550 -1600 550 -1600 550 -1600 550 -1600 550 -1600 550 -1600 550 -1600 550 -1600 550 -1600 550 -1600 550 -500 550 -1600 600 -1550 600 -500 550 -1600 550 -1600 550 -550 550 -500 550
A1A042FF
0xA1A042FF (32 bits)
Raw (100): -37410 4400 -4300 550 -1600 550 -550 550 -1600 550 -500 550 -550 550 -500 600 -500 550 -1600 550 -1600 550 -550 550 -1600 550 -500 550 -550 550 -500 600 -500 550 -550 550 -500 550 -1600 550 -550 550 -500 600 -500 550 -550 550 -1550 600 -500 550 -1600 550 -1600 550 -1600 550 -1600 550 -1600 550 -1600 550 -1600 550 -1600 550 -1600 550 -1600 550 -1600 550 -1600 550 -1600 550 -1600 550 -1600 550 -1600 550 -550 550 -1600 550 -1600 550 -500 550 -1600 550 -1600 550 -550 550 -500 500
A12042FF
0xA12042FF (32 bits)
Raw (100): -30352 4350 -4300 550 -1600 550 -550 500 -1650 500 -550 550 -550 550 -550 500 -550 550 -1600 550 -550 500 -550 550 -1600 550 -550 550 -550 500 -550 550 -550 500 -550 550 -550 500 -1650 500 -550 550 -550 550 -500 550 -550 550 -1600 550 -550 500 -1650 500 -1650 500 -1650 500 -1650 500 -1650 500 -1650 500 -1650 500 -1650 500 -1650 500 -1650 500 -1650 500 -1650 500 -1600 550 -1650 500 -1650 500 -1600 550 -1650 500 -1650 500 -1650 500 -550 550 -1600 550 -1600 550 -550 550 -550 500
A12042FF
0xA12042FF (32 bits)
Raw (100): -36438 4350 -4350 500 -1650 500 -550 550 -1600 550 -550 500 -550 550 -550 500 -550 550 -1600 550 -500 600 -550 500 -1600 550 -550 550 -550 500 -550 550 -550 500 -550 550 -550 550 -1600 550 -550 500 -550 550 -550 500 -550 550 -1600 550 -550 550 -1600 550 -1600 550 -1600 550 -1600 550 -1600 550 -1600 500 -1600 550 -1650 500 -1650 550 -1600 550 -1600 550 -1600 550 -1550 600 -1600 500 -1650 500 -1650 550 -1600 550 -1600 550 -1600 550 -550 500 -1650 500 -1600 550 -550 550 -500 600
A12042FF
0xA12042FF (32 bits)
Raw (100): -7324 4350 -4350 500 -1650 500 -550 550 -1600 550 -550 550 -550 500 -550 550 -550 500 -1650 500 -550 550 -550 500 -1600 550 -600 500 -550 550 -550 500 -550 550 -550 500 -550 550 -1600 550 -550 550 -500 550 -550 550 -550 500 -1650 500 -550 550 -1600 550 -1600 550 -1600 550 -1600 550 -1600 550 -1600 550 -1600 550 -1600 550 -1600 550 -1600 550 -1600 550 -1600 550 -1600 550 -1600 550 -1600 550 -1600 550 -1600 550 -1600 550 -1600 550 -550 500 -1650 500 -1650 500 -550 550 -550 550
A12042FF
0xA12042FF (32 bits)
Raw (100): -19274 4350 -4300 550 -1600 550 -550 550 -1600 550 -500 600 -500 550 -550 500 -550 550 -1600 550 -550 550 -500 550 -1600 600 -500 550 -500 600 -500 550 -550 550 -500 550 -550 550 -1600 550 -550 550 -500 550 -550 500 -550 550 -1600 550 -550 500 -1650 550 -1600 550 -1600 550 -1550 600 -1600 550 -1600 500 -1650 500 -1650 550 -1600 550 -1600 550 -1600 550 -1600 550 -1600 550 -1600 550 -1600 550 -1600 550 -1600 550 -1600 550 -1600 550 -550 550 -1600 550 -1600 550 -500 550 -500 600
A12042FF
0xA12042FF (32 bits)
Raw (100): -58724 4350 -4350 550 -1600 550 -500 550 -1600 550 -550 550 -500 600 -500 550 -550 550 -1600 550 -500 550 -550 550 -1600 550 -500 600 -500 550 -550 550 -500 550 -550 550 -500 550 -1600 550 -550 550 -500 600 -500 550 -550 550 -1600 550 -500 550 -1600 550 -1600 550 -1600 550 -1600 550 -1600 550 -1600 550 -1600 550 -1600 550 -1600 550 -1600 550 -1600 550 -1600 550 -1600 550 -1600 550 -1600 550 -1600 550 -1600 550 -1600 550 -1600 550 -550 550 -1600 550 -1550 600 -500 600 -500 550
A12042FF
0xA12042FF (32 bits)
Raw (100): -15324 4400 -4300 550 -1600 550 -500 550 -1600 550 -550 550 -500 600 -500 550 -550 550 -1550 600 -500 550 -550 550 -1600 550 -500 550 -550 550 -500 600 -500 550 -550 550 -500 550 -1600 550 -550 550 -500 600 -500 550 -500 600 -1550 600 -500 550 -1600 550 -1600 550 -1600 550 -1600 550 -1600 550 -1600 550 -1600 550 -1600 550 -1600 550 -1600 550 -1600 550 -1600 550 -1600 550 -1600 550 -1600 550 -1600 550 -1600 550 -1600 550 -1600 550 -550 550 -1600 550 -1600 550 -500 550 -550 500